image: map.pgm
resolution: 0.050000
origin: [-48.785328, -16.65805, 0.0]
negate: 0
occupied_thresh: 0.65
free_thresh: 0.196
